Supplemental results for CODEML (seqf: algn  treef: tree)


TREE #  1


dN/dS (w) for site classes (K=4)

site class             0        1       2a       2b
proportion       0.68209  0.23857  0.05878  0.02056
background w     0.08984  1.00000  0.08984  1.00000
foreground w     0.08984  1.00000  3.57339  3.57339

Naive Empirical Bayes (NEB) probabilities for 4 classes
(amino acids refer to 1st sequence: Otolemur_garnettii)

   1 K   0.00001 0.02001 0.91289 0.06710 ( 3)
   2 E   0.89660 0.08674 0.01448 0.00218 ( 1)
   3 T   0.64426 0.34886 0.00317 0.00371 ( 1)
   4 P   0.00000 0.17667 0.00264 0.82069 ( 4)
   5 A   0.97165 0.02573 0.00245 0.00017 ( 1)
   6 M   0.96323 0.03309 0.00340 0.00028 ( 1)
   7 K   0.97087 0.02636 0.00258 0.00018 ( 1)
   8 F   0.95692 0.03853 0.00417 0.00037 ( 1)
   9 Q   0.41181 0.37350 0.18843 0.02626 ( 1)
  10 R   0.90581 0.08070 0.01175 0.00174 ( 1)
  11 Q   0.91015 0.07791 0.01042 0.00153 ( 1)
  12 H   0.97922 0.01906 0.00163 0.00009 ( 1)
  13 M   0.07722 0.34753 0.53204 0.04321 ( 3)
  14 D   0.98930 0.00995 0.00072 0.00003 ( 1)
  15 S   0.28587 0.66153 0.01434 0.03826 ( 2)
  16 G   0.78228 0.18393 0.03152 0.00227 ( 1)
  17 G   0.00507 0.58851 0.17285 0.23358 ( 2)
  18 S   0.95315 0.04171 0.00469 0.00044 ( 1)
  19 S   0.12578 0.81468 0.02668 0.03287 ( 2)
  20 L   0.25840 0.73872 0.00027 0.00262 ( 2)
  21 S   0.83805 0.12102 0.03927 0.00165 ( 1)
  22 N   0.89142 0.10738 0.00083 0.00037 ( 1)
  23 H   0.01464 0.97491 0.00007 0.01037 ( 2)
  24 T   0.10896 0.34809 0.50923 0.03373 ( 3)
  25 Y   0.97299 0.02452 0.00233 0.00016 ( 1)
  26 C   0.96866 0.02839 0.00275 0.00020 ( 1)
  27 N   0.87486 0.09999 0.02418 0.00096 ( 1)
  28 Q   0.04010 0.78906 0.05205 0.11879 ( 2)
  29 M   0.96323 0.03309 0.00340 0.00028 ( 1)
  30 M   0.96323 0.03309 0.00340 0.00028 ( 1)
  31 K   0.01241 0.71391 0.14700 0.12668 ( 2)
  32 R   0.96238 0.03384 0.00349 0.00029 ( 1)
  33 R   0.90160 0.08488 0.01170 0.00183 ( 1)
  34 N   0.92356 0.06364 0.01148 0.00133 ( 1)
  35 M   0.96323 0.03309 0.00340 0.00028 ( 1)
  36 T   0.84396 0.12088 0.02977 0.00540 ( 1)
  37 K   0.00198 0.67596 0.18002 0.14204 ( 2)
  38 G   0.29013 0.39663 0.26684 0.04640 ( 2)
  39 R   0.00588 0.90077 0.00429 0.08905 ( 2)
  40 C   0.96866 0.02839 0.00275 0.00020 ( 1)
  41 K   0.97087 0.02636 0.00258 0.00018 ( 1)
  42 P   0.02004 0.32512 0.54540 0.10944 ( 3)
  43 V   0.47846 0.34193 0.16042 0.01919 ( 1)
  44 N   0.98914 0.01007 0.00075 0.00003 ( 1)
  45 T   0.96746 0.02802 0.00423 0.00028 ( 1)
  46 F   0.83491 0.13686 0.02310 0.00513 ( 1)
  47 V   0.93205 0.05940 0.00764 0.00091 ( 1)
  48 H   0.97803 0.02003 0.00184 0.00011 ( 1)
  49 E   0.91736 0.06617 0.01481 0.00166 ( 1)
  50 P   0.95094 0.04372 0.00486 0.00048 ( 1)
  51 L   0.86159 0.11518 0.01951 0.00372 ( 1)
  52 E   0.00263 0.61303 0.10704 0.27730 ( 2)
  53 D   0.35721 0.38814 0.22062 0.03403 ( 2)
  54 V   0.96988 0.02730 0.00263 0.00019 ( 1)
  55 Q   0.44183 0.37445 0.16125 0.02247 ( 1)
  56 A   0.92465 0.05930 0.01450 0.00154 ( 1)
  57 V   0.02503 0.94806 0.00278 0.02413 ( 2)
  58 C   0.96866 0.02839 0.00275 0.00020 ( 1)
  59 F   0.95692 0.03853 0.00417 0.00037 ( 1)
  60 Q   0.91373 0.07435 0.01046 0.00146 ( 1)
  61 E   0.89016 0.09313 0.01437 0.00234 ( 1)
  62 R   0.11162 0.87148 0.00114 0.01576 ( 2)
  63 V   0.96988 0.02730 0.00263 0.00019 ( 1)
  64 N   0.76238 0.23444 0.00173 0.00145 ( 1)
  65 C   0.96835 0.02870 0.00275 0.00020 ( 1)
  66 K   0.97087 0.02636 0.00258 0.00018 ( 1)
  67 N   0.90545 0.08091 0.01189 0.00175 ( 1)
  68 G   0.94916 0.04511 0.00521 0.00052 ( 1)
  69 Q   0.50928 0.47557 0.00583 0.00932 ( 1)
  70 T   0.97400 0.02364 0.00221 0.00015 ( 1)
  71 N   0.98751 0.01127 0.00117 0.00005 ( 1)
  72 C   0.96866 0.02839 0.00275 0.00020 ( 1)
  73 Y   0.88682 0.08337 0.02651 0.00330 ( 1)
  74 K   0.67189 0.22117 0.09984 0.00710 ( 1)
  75 S   0.98752 0.01160 0.00084 0.00004 ( 1)
  76 S   0.04079 0.82388 0.08723 0.04811 ( 2)
  77 S   0.86519 0.09976 0.03059 0.00446 ( 1)
  78 S   0.35360 0.64396 0.00031 0.00213 ( 2)
  79 M   0.96323 0.03309 0.00340 0.00028 ( 1)
  80 D   0.22435 0.73734 0.02127 0.01704 ( 2)
  81 I   0.97798 0.02016 0.00176 0.00010 ( 1)
  82 T   0.81482 0.14975 0.02874 0.00669 ( 1)
  83 D   0.83118 0.11675 0.05012 0.00195 ( 1)
  84 C   0.96866 0.02839 0.00275 0.00020 ( 1)
  85 R   0.96238 0.03384 0.00349 0.00029 ( 1)
  86 L   0.27993 0.41744 0.25422 0.04840 ( 2)
  87 T   0.83372 0.13742 0.02363 0.00523 ( 1)
  88 N   0.04643 0.94008 0.00187 0.01161 ( 2)
  89 G   0.31368 0.68338 0.00063 0.00231 ( 2)
  90 S   0.58913 0.28577 0.11428 0.01082 ( 1)
  91 K   0.97087 0.02636 0.00258 0.00018 ( 1)
  92 Y   0.97299 0.02452 0.00233 0.00016 ( 1)
  93 P   0.95172 0.04295 0.00487 0.00047 ( 1)
  94 N   0.87486 0.09999 0.02418 0.00096 ( 1)
  95 C   0.86000 0.11102 0.02472 0.00426 ( 1)
  96 S   0.03756 0.78009 0.05460 0.12775 ( 2)
  97 Y   0.97299 0.02452 0.00233 0.00016 ( 1)
  98 R   0.00001 0.15150 0.31867 0.52982 ( 4)
  99 T   0.02176 0.95377 0.00212 0.02234 ( 2)
 100 S   0.98716 0.01196 0.00084 0.00004 ( 1)
 101 Q   0.00067 0.81436 0.00980 0.17516 ( 2)
 102 K   0.96542 0.03145 0.00289 0.00024 ( 1)
 103 K   0.75602 0.24005 0.00217 0.00175 ( 1)
 104 R   0.87022 0.10861 0.01791 0.00326 ( 1)
 105 H   0.81229 0.18528 0.00147 0.00097 ( 1)
 106 I   0.97798 0.02016 0.00176 0.00010 ( 1)
 107 I   0.85828 0.11767 0.02016 0.00390 ( 1)
 108 V   0.42287 0.34141 0.21053 0.02519 ( 1)
 109 A   0.85612 0.11306 0.02626 0.00456 ( 1)
 110 C   0.85489 0.12059 0.02048 0.00405 ( 1)
 111 E   0.96887 0.02814 0.00279 0.00021 ( 1)
 112 G   0.94780 0.04646 0.00521 0.00053 ( 1)
 113 T   0.00031 0.95544 0.00052 0.04373 ( 2)
 114 P   0.81158 0.14970 0.03153 0.00718 ( 1)
 115 Y   0.83393 0.13577 0.02493 0.00537 ( 1)
 116 V   0.93205 0.05940 0.00764 0.00091 ( 1)
 117 P   0.80517 0.15150 0.03538 0.00795 ( 1)
 118 V   0.96929 0.02789 0.00262 0.00019 ( 1)
 119 H   0.97922 0.01906 0.00163 0.00009 ( 1)
 120 F   0.94011 0.05246 0.00670 0.00073 ( 1)
 121 D   0.35515 0.38745 0.22301 0.03440 ( 2)
 122 A   0.83092 0.13803 0.02549 0.00556 ( 1)
 123 S   0.80646 0.15579 0.03044 0.00731 ( 1)
 124 V   0.93205 0.05940 0.00764 0.00091 ( 1)
 125 G   0.13999 0.81201 0.02178 0.02622 ( 2)
 126 D   0.98930 0.00995 0.00072 0.00003 ( 1)
 127 S   0.64552 0.34761 0.00317 0.00370 ( 1)
 128 S   0.74265 0.25409 0.00169 0.00157 ( 1)
 129 -   0.68209 0.23857 0.05878 0.02056 ( 1)


lnL = -1387.068389

Bayes Empirical Bayes (BEB) probabilities for 4 classes (class)
(amino acids refer to 1st sequence: Otolemur_garnettii)

   1 K   0.00005 0.03810 0.89000 0.07185 ( 3)
   2 E   0.87916 0.09394 0.02327 0.00363 ( 1)
   3 T   0.57323 0.40782 0.00691 0.01204 ( 1)
   4 P   0.00000 0.22444 0.00628 0.76928 ( 4)
   5 A   0.96289 0.02804 0.00847 0.00060 ( 1)
   6 M   0.95291 0.03604 0.01021 0.00084 ( 1)
   7 K   0.96205 0.02872 0.00861 0.00062 ( 1)
   8 F   0.94558 0.04195 0.01142 0.00104 ( 1)
   9 Q   0.37428 0.41278 0.18593 0.02701 ( 2)
  10 R   0.88899 0.08746 0.02044 0.00312 ( 1)
  11 Q   0.89365 0.08446 0.01901 0.00288 ( 1)
  12 H   0.97200 0.02078 0.00683 0.00039 ( 1)
  13 M   0.11145 0.44352 0.41050 0.03454 ( 2)
  14 D   0.98468 0.01085 0.00431 0.00017 ( 1)
  15 S   0.26481 0.67356 0.01481 0.04681 ( 2)
  16 G   0.68933 0.22329 0.08133 0.00605 ( 1)
  17 G   0.01047 0.63891 0.14651 0.20411 ( 2)
  18 S   0.94131 0.04540 0.01211 0.00117 ( 1)
  19 S   0.13962 0.78675 0.02951 0.04413 ( 2)
  20 L   0.24574 0.73855 0.00090 0.01480 ( 2)
  21 S   0.74898 0.15137 0.09555 0.00410 ( 1)
  22 N   0.84815 0.14498 0.00405 0.00282 ( 1)
  23 H   0.02974 0.94419 0.00023 0.02584 ( 2)
  24 T   0.14420 0.43134 0.39723 0.02723 ( 2)
  25 Y   0.96455 0.02672 0.00817 0.00056 ( 1)
  26 C   0.95926 0.03094 0.00912 0.00068 ( 1)
  27 N   0.79297 0.12754 0.07643 0.00307 ( 1)
  28 Q   0.05386 0.78707 0.04791 0.11117 ( 2)
  29 M   0.95291 0.03604 0.01021 0.00084 ( 1)
  30 M   0.95291 0.03604 0.01021 0.00084 ( 1)
  31 K   0.02481 0.75079 0.11577 0.10863 ( 2)
  32 R   0.95190 0.03686 0.01037 0.00087 ( 1)
  33 R   0.88444 0.09194 0.02034 0.00328 ( 1)
  34 N   0.90828 0.06903 0.02028 0.00241 ( 1)
  35 M   0.95291 0.03604 0.01021 0.00084 ( 1)
  36 T   0.82500 0.13044 0.03749 0.00706 ( 1)
  37 K   0.00648 0.73394 0.13925 0.12033 ( 2)
  38 G   0.27765 0.44020 0.23875 0.04339 ( 2)
  39 R   0.01326 0.89179 0.00561 0.08935 ( 2)
  40 C   0.95926 0.03094 0.00912 0.00068 ( 1)
  41 K   0.96205 0.02872 0.00861 0.00062 ( 1)
  42 P   0.03163 0.41020 0.46148 0.09668 ( 3)
  43 V   0.42689 0.38100 0.17083 0.02129 ( 1)
  44 N   0.98454 0.01098 0.00431 0.00017 ( 1)
  45 T   0.95748 0.03050 0.01126 0.00075 ( 1)
  46 F   0.81451 0.14729 0.03102 0.00717 ( 1)
  47 V   0.91759 0.06453 0.01592 0.00196 ( 1)
  48 H   0.97051 0.02183 0.00723 0.00043 ( 1)
  49 E   0.90161 0.07178 0.02385 0.00275 ( 1)
  50 P   0.93881 0.04757 0.01238 0.00124 ( 1)
  51 L   0.84225 0.12431 0.02792 0.00552 ( 1)
  52 E   0.00585 0.65102 0.09812 0.24501 ( 2)
  53 D   0.33154 0.42890 0.20635 0.03322 ( 2)
  54 V   0.96075 0.02975 0.00885 0.00065 ( 1)
  55 Q   0.39594 0.41169 0.16799 0.02438 ( 2)
  56 A   0.90977 0.06439 0.02334 0.00251 ( 1)
  57 V   0.04672 0.90836 0.00447 0.04046 ( 2)
  58 C   0.95926 0.03094 0.00912 0.00068 ( 1)
  59 F   0.94558 0.04195 0.01142 0.00104 ( 1)
  60 Q   0.89753 0.08064 0.01909 0.00275 ( 1)
  61 E   0.87223 0.10078 0.02310 0.00390 ( 1)
  62 R   0.12869 0.83956 0.00184 0.02991 ( 2)
  63 V   0.96075 0.02975 0.00885 0.00065 ( 1)
  64 N   0.69437 0.29308 0.00547 0.00708 ( 1)
  65 C   0.95892 0.03128 0.00911 0.00069 ( 1)
  66 K   0.96205 0.02872 0.00861 0.00062 ( 1)
  67 N   0.88861 0.08767 0.02058 0.00314 ( 1)
  68 G   0.93676 0.04908 0.01286 0.00131 ( 1)
  69 Q   0.45047 0.52096 0.00884 0.01974 ( 2)
  70 T   0.96576 0.02576 0.00795 0.00053 ( 1)
  71 N   0.98215 0.01228 0.00536 0.00021 ( 1)
  72 C   0.95926 0.03094 0.00912 0.00068 ( 1)
  73 Y   0.87017 0.09035 0.03498 0.00450 ( 1)
  74 K   0.58952 0.25991 0.14023 0.01034 ( 1)
  75 S   0.98231 0.01265 0.00483 0.00020 ( 1)
  76 S   0.06736 0.79610 0.08263 0.05391 ( 2)
  77 S   0.84763 0.10799 0.03855 0.00583 ( 1)
  78 S   0.31209 0.67367 0.00104 0.01320 ( 2)
  79 M   0.95291 0.03604 0.01021 0.00084 ( 1)
  80 D   0.21758 0.72270 0.02892 0.03081 ( 2)
  81 I   0.97049 0.02197 0.00711 0.00043 ( 1)
  82 T   0.79418 0.16094 0.03612 0.00876 ( 1)
  83 D   0.74336 0.14583 0.10659 0.00422 ( 1)
  84 C   0.95926 0.03094 0.00912 0.00068 ( 1)
  85 R   0.95190 0.03686 0.01037 0.00087 ( 1)
  86 L   0.26795 0.45905 0.22775 0.04525 ( 2)
  87 T   0.81332 0.14788 0.03153 0.00727 ( 1)
  88 N   0.07741 0.88959 0.00384 0.02916 ( 2)
  89 G   0.28464 0.70010 0.00139 0.01388 ( 2)
  90 S   0.51544 0.32497 0.14530 0.01430 ( 1)
  91 K   0.96205 0.02872 0.00861 0.00062 ( 1)
  92 Y   0.96455 0.02672 0.00817 0.00056 ( 1)
  93 P   0.93966 0.04674 0.01239 0.00122 ( 1)
  94 N   0.79297 0.12754 0.07643 0.00307 ( 1)
  95 C   0.84126 0.11992 0.03293 0.00589 ( 1)
  96 S   0.05069 0.77917 0.05065 0.11949 ( 2)
  97 Y   0.96455 0.02672 0.00817 0.00056 ( 1)
  98 R   0.00005 0.21038 0.28026 0.50930 ( 4)
  99 T   0.04155 0.91576 0.00360 0.03909 ( 2)
 100 S   0.98192 0.01304 0.00483 0.00021 ( 1)
 101 Q   0.00256 0.83403 0.01176 0.15165 ( 2)
 102 K   0.95591 0.03427 0.00905 0.00077 ( 1)
 103 K   0.68710 0.29904 0.00619 0.00767 ( 1)
 104 R   0.85123 0.11732 0.02645 0.00500 ( 1)
 105 H   0.75042 0.23881 0.00531 0.00546 ( 1)
 106 I   0.97049 0.02197 0.00711 0.00043 ( 1)
 107 I   0.83881 0.12695 0.02851 0.00572 ( 1)
 108 V   0.38652 0.38361 0.20434 0.02553 ( 1)
 109 A   0.83737 0.12211 0.03434 0.00618 ( 1)
 110 C   0.83524 0.13006 0.02879 0.00591 ( 1)
 111 E   0.95963 0.03065 0.00904 0.00068 ( 1)
 112 G   0.93527 0.05054 0.01284 0.00135 ( 1)
 113 T   0.00177 0.93710 0.00115 0.05998 ( 2)
 114 P   0.79117 0.16093 0.03871 0.00919 ( 1)
 115 Y   0.81371 0.14616 0.03277 0.00735 ( 1)
 116 V   0.91759 0.06453 0.01592 0.00196 ( 1)
 117 P   0.78498 0.16289 0.04223 0.00989 ( 1)
 118 V   0.96011 0.03039 0.00885 0.00066 ( 1)
 119 H   0.97200 0.02078 0.00683 0.00039 ( 1)
 120 F   0.92652 0.05703 0.01480 0.00165 ( 1)
 121 D   0.33000 0.42839 0.20810 0.03351 ( 2)
 122 A   0.81061 0.14856 0.03327 0.00756 ( 1)
 123 S   0.78567 0.16730 0.03761 0.00941 ( 1)
 124 V   0.91759 0.06453 0.01592 0.00196 ( 1)
 125 G   0.15181 0.78277 0.02623 0.03919 ( 2)
 126 D   0.98468 0.01085 0.00431 0.00017 ( 1)
 127 S   0.57444 0.40663 0.00693 0.01200 ( 1)
 128 S   0.67304 0.31409 0.00527 0.00759 ( 1)
 129 -   0.66009 0.25288 0.06367 0.02336 ( 1)

Ancestral reconstruction by CODONML.

(Daubentonia_madagascariensis: 0.090001, ((((Avahi_laniger: 0.081586, (((Propithecus_diadema: 0.000004, Propithecus_candidus: 0.000004): 0.000004, Propithecus_edwardsi: 0.000004): 0.029118, (Propithecus_tattersalli: 0.021179, (Propithecus_coquereli: 0.000004, Propithecus_verreauxi: 0.000004): 0.029962): 0.000004): 0.050152): 0.026164, Indri_indri: 0.048588): 0.180380, ((Lepilemur_mustelinus: 0.048648, Lepilemur_grewcockorum: 0.113601): 0.025099, (Cheirogaleus_medius: 0.031337, (Microcebus_murinus: 0.059787, Mirza_coquereli: 0.008148): 0.019814): 0.043388): 0.000004): 0.010743, (((Prolemur_simus: 0.008950, Hapalemur_griseus: 0.017493): 0.026824, Lemur_catta: 0.024583): 0.059842, ((Eulemur_macaco: 0.000004, Eulemur_flavifrons: 0.000004): 0.000004, (Eulemur_fulvus: 0.008206, Eulemur_rufifrons: 0.016442): 0.000004): 0.016826): 0.010432): 0.082479, Otolemur_garnettii: 0.356341);

(2, ((((13, (((19, 17), 20), (18, (16, 15)))), 14), ((21, 22), (3, (5, 4)))), (((12, 11), 6), ((7, 8), (9, 10)))), 1);

  23..2    23..24   24..25   25..26   26..27   27..13   27..28   28..29   29..30   30..19   30..17   29..20   28..31   31..18   31..32   32..16   32..15   26..14   25..33   33..34   34..21   34..22   33..35   35..3    35..36   36..5    36..4    24..37   37..38   38..39   39..12   39..11   38..6    37..40   40..41   41..7    41..8    40..42   42..9    42..10   23..1  

tree with node labels for Rod Page's TreeView
(2_Daubentonia_madagascariensis, ((((13_Avahi_laniger, (((19_Propithecus_diadema, 17_Propithecus_candidus) 30 , 20_Propithecus_edwardsi) 29 , (18_Propithecus_tattersalli, (16_Propithecus_coquereli, 15_Propithecus_verreauxi) 32 ) 31 ) 28 ) 27 , 14_Indri_indri) 26 , ((21_Lepilemur_mustelinus, 22_Lepilemur_grewcockorum) 34 , (3_Cheirogaleus_medius, (5_Microcebus_murinus, 4_Mirza_coquereli) 36 ) 35 ) 33 ) 25 , (((12_Prolemur_simus, 11_Hapalemur_griseus) 39 , 6_Lemur_catta) 38 , ((7_Eulemur_macaco, 8_Eulemur_flavifrons) 41 , (9_Eulemur_fulvus, 10_Eulemur_rufifrons) 42 ) 40 ) 37 ) 24 , 1_Otolemur_garnettii) 23 ;

Nodes 23 to 42 are ancestral
Unreliable at sites with alignment gaps

(1) Marginal reconstruction of ancestral sequences
(eqn. 4 in Yang et al. 1995 Genetics 141:1641-1650).

Prob distribs at nodes, those with p < 0.001 not listed

Prob distribution at node 23, by site

   site  Freq   Data

      1      1   AAG (K) AAG (K) AAG (K) AAG (K) AAG (K) AAG (K) AAG (K) AAG (K) AAG (K) AAG (K) GGC (G) GGC (G) AAG (K) AAG (K) AAG (K) AAG (K) AAC (N) ACG (T) AAC (N) AAC (N) AAG (K) AAG (K) : TTT(0.000) TTC(0.000) TTA(0.000) TTG(0.000) TCT(0.000) TCC(0.000) TCA(0.000) TCG(0.000) TAT(0.000) TAC(0.000) TGT(0.000) TGC(0.000) TGG(0.000) CTT(0.000) CTC(0.000) CTA(0.000) CTG(0.000) CCT(0.000) CCC(0.000) CCA(0.000) CCG(0.000) CAT(0.000) CAC(0.000) CAA(0.000) CAG(0.000) CGT(0.000) CGC(0.000) CGA(0.000) CGG(0.000) ATT(0.000) ATC(0.000) ATA(0.000) ATG(0.000) ACT(0.000) ACC(0.000) ACA(0.000) ACG(0.000) AAT(0.000) AAC(0.000) AAA(0.001) AAG(0.999) AGT(0.000) AGC(0.000) AGA(0.000) AGG(0.000) GTT(0.000) GTC(0.000) GTA(0.000) GTG(0.000) GCT(0.000) GCC(0.000) GCA(0.000) GCG(0.000) GAT(0.000) GAC(0.000) GAA(0.000) GAG(0.000) GGT(0.000) GGC(0.000) GGA(0.000) GGG(0.000) 
      2      1   GAA (E) GAA (E) GAA (E) GAG (E) GAG (E) GAA (E) GAA (E) GAA (E) GAA (E) GAA (E) GAA (E) GAA (E) GAA (E) GAA (E) GAA (E) GAA (E) GAA (E) GAA (E) GAA (E) GAA (E) GAA (E) GAA (E) : TTT(0.000) TTC(0.000) TTA(0.000) TTG(0.000) TCT(0.000) TCC(0.000) TCA(0.000) TCG(0.000) TAT(0.000) TAC(0.000) TGT(0.000) TGC(0.000) TGG(0.000) CTT(0.000) CTC(0.000) CTA(0.000) CTG(0.000) CCT(0.000) CCC(0.000) CCA(0.000) CCG(0.000) CAT(0.000) CAC(0.000) CAA(0.000) CAG(0.000) CGT(0.000) CGC(0.000) CGA(0.000) CGG(0.000) ATT(0.000) ATC(0.000) ATA(0.000) ATG(0.000) ACT(0.000) ACC(0.000) ACA(0.000) ACG(0.000) AAT(0.000) AAC(0.000) AAA(0.000) AAG(0.000) AGT(0.000) AGC(0.000) AGA(0.000) AGG(0.000) GTT(0.000) GTC(0.000) GTA(0.000) GTG(0.000) GCT(0.000) GCC(0.000) GCA(0.000) GCG(0.000) GAT(0.000) GAC(0.000) GAA(1.000) GAG(0.000) GGT(0.000) GGC(0.000) GGA(0.000) GGG(0.000) 
      3      1   ACC (T) TCC (S) TCC (S) TCC (S) TCC (S) TCC (S) TCC (S) TCC (S) TCC (S) TCC (S) TCC (S) TCC (S) TCC (S) TCC (S) TCC (S) TCC (S) TCC (S) TCC (S) TCC (S) TCC (S) TCC (S) TCC (S) : TTT(0.000) TTC(0.000) TTA(0.000) TTG(0.000) TCT(0.000) TCC(0.998) TCA(0.000) TCG(0.000) TAT(0.000) TAC(0.000) TGT(0.000) TGC(0.000) TGG(0.000) CTT(0.000) CTC(0.000) CTA(0.000) CTG(0.000) CCT(0.000) CCC(0.001) CCA(0.000) CCG(0.000) CAT(0.000) CAC(0.000) CAA(0.000) CAG(0.000) CGT(0.000) CGC(0.000) CGA(0.000) CGG(0.000) ATT(0.000) ATC(0.000) ATA(0.000) ATG(0.000) ACT(0.000) ACC(0.001) ACA(0.000) ACG(0.000) AAT(0.000) AAC(0.000) AAA(0.000) AAG(0.000) AGT(0.000) AGC(0.000) AGA(0.000) AGG(0.000) GTT(0.000) GTC(0.000) GTA(0.000) GTG(0.000) GCT(0.000) GCC(0.000) GCA(0.000) GCG(0.000) GAT(0.000) GAC(0.000) GAA(0.000) GAG(0.000) GGT(0.000) GGC(0.000) GGA(0.000) GGG(0.000) 
      4      1   CCA (P) TCA (S) CGG (R) CGG (R) CCG (P) CGG (R) CGG (R) CGG (R) CGG (R) CGG (R) CGG (R) CGG (R) TCG (S) TCG (S) TCG (S) TCG (S) TCG (S) TCG (S) TCG (S) TCG (S) CGG (R) GCA (A) : TTT(0.000) TTC(0.000) TTA(0.000) TTG(0.000) TCT(0.000) TCC(0.000) TCA(0.060) TCG(0.012) TAT(0.000) TAC(0.000) TGT(0.000) TGC(0.000) TGG(0.000) CTT(0.000) CTC(0.000) CTA(0.000) CTG(0.000) CCT(0.000) CCC(0.000) CCA(0.821) CCG(0.101) CAT(0.000) CAC(0.000) CAA(0.000) CAG(0.000) CGT(0.000) CGC(0.000) CGA(0.003) CGG(0.002) ATT(0.000) ATC(0.000) ATA(0.000) ATG(0.000) ACT(0.000) ACC(0.000) ACA(0.000) ACG(0.000) AAT(0.000) AAC(0.000) AAA(0.000) AAG(0.000) AGT(0.000) AGC(0.000) AGA(0.000) AGG(0.000) GTT(0.000) GTC(0.000) GTA(0.000) GTG(0.000) GCT(0.000) GCC(0.000) GCA(0.000) GCG(0.000) GAT(0.000) GAC(0.000) GAA(0.000) GAG(0.000) GGT(0.000) GGC(0.000) GGA(0.000) GGG(0.000) 
      5      1   GCC (A) GCC (A) GCC (A) GCC (A) GCC (A) GCC (A) GCC (A) GCC (A) GCC (A) GCC (A) GCC (A) GCC (A) GCC (A) GCC (A) GCC (A) GCC (A) GCC (A) GCC (A) GCC (A) GCC (A) GCC (A) GCC (A) : TTT(0.000) TTC(0.000) TTA(0.000) TTG(0.000) TCT(0.000) TCC(0.000) TCA(0.000) TCG(0.000) TAT(0.000) TAC(0.000) TGT(0.000) TGC(0.000) TGG(0.000) CTT(0.000) CTC(0.000) CTA(0.000) CTG(0.000) CCT(0.000) CCC(0.000) CCA(0.000) CCG(0.000) CAT(0.000) CAC(0.000) CAA(0.000) CAG(0.000) CGT(0.000) CGC(0.000) CGA(0.000) CGG(0.000) ATT(0.000) ATC(0.000) ATA(0.000) ATG(0.000) ACT(0.000) ACC(0.000) ACA(0.000) ACG(0.000) AAT(0.000) AAC(0.000) AAA(0.000) AAG(0.000) AGT(0.000) AGC(0.000) AGA(0.000) AGG(0.000) GTT(0.000) GTC(0.000) GTA(0.000) GTG(0.000) GCT(0.000) GCC(1.000) GCA(0.000) GCG(0.000) GAT(0.000) GAC(0.000) GAA(0.000) GAG(0.000) GGT(0.000) GGC(0.000) GGA(0.000) GGG(0.000) 
      6      5   ATG (M) ATG (M) ATG (M) ATG (M) ATG (M) ATG (M) ATG (M) ATG (M) ATG (M) ATG (M) ATG (M) ATG (M) ATG (M) ATG (M) ATG (M) ATG (M) ATG (M) ATG (M) ATG (M) ATG (M) ATG (M) ATG (M) : TTT(0.000) TTC(0.000) TTA(0.000) TTG(0.000) TCT(0.000) TCC(0.000) TCA(0.000) TCG(0.000) TAT(0.000) TAC(0.000) TGT(0.000) TGC(0.000) TGG(0.000) CTT(0.000) CTC(0.000) CTA(0.000) CTG(0.000) CCT(0.000) CCC(0.000) CCA(0.000) CCG(0.000) CAT(0.000) CAC(0.000) CAA(0.000) CAG(0.000) CGT(0.000) CGC(0.000) CGA(0.000) CGG(0.000) ATT(0.000) ATC(0.000) ATA(0.000) ATG(1.000) ACT(0.000) ACC(0.000) ACA(0.000) ACG(0.000) AAT(0.000) AAC(0.000) AAA(0.000) AAG(0.000) AGT(0.000) AGC(0.000) AGA(0.000) AGG(0.000) GTT(0.000) GTC(0.000) GTA(0.000) GTG(0.000) GCT(0.000) GCC(0.000) GCA(0.000) GCG(0.000) GAT(0.000) GAC(0.000) GAA(0.000) GAG(0.000) GGT(0.000) GGC(0.000) GGA(0.000) GGG(0.000) 
      7      4   AAG (K) AAG (K) AAG (K) AAG (K) AAG (K) AAG (K) AAG (K) AAG (K) AAG (K) AAG (K) AAG (K) AAG (K) AAG (K) AAG (K) AAG (K) AAG (K) AAG (K) AAG (K) AAG (K) AAG (K) AAG (K) AAG (K) : TTT(0.000) TTC(0.000) TTA(0.000) TTG(0.000) TCT(0.000) TCC(0.000) TCA(0.000) TCG(0.000) TAT(0.000) TAC(0.000) TGT(0.000) TGC(0.000) TGG(0.000) CTT(0.000) CTC(0.000) CTA(0.000) CTG(0.000) CCT(0.000) CCC(0.000) CCA(0.000) CCG(0.000) CAT(0.000) CAC(0.000) CAA(0.000) CAG(0.000) CGT(0.000) CGC(0.000) CGA(0.000) CGG(0.000) ATT(0.000) ATC(0.000) ATA(0.000) ATG(0.000) ACT(0.000) ACC(0.000) ACA(0.000) ACG(0.000) AAT(0.000) AAC(0.000) AAA(0.001) AAG(0.999) AGT(0.000) AGC(0.000) AGA(0.000) AGG(0.000) GTT(0.000) GTC(0.000) GTA(0.000) GTG(0.000) GCT(0.000) GCC(0.000) GCA(0.000) GCG(0.000) GAT(0.000) GAC(0.000) GAA(0.000) GAG(0.000) GGT(0.000) GGC(0.000) GGA(0.000) GGG(0.000) 
      8      2   TTC (F) TTC (F) TTC (F) TTC (F) TTC (F) TTC (F) TTC (F) TTC (F) TTC (F) TTC (F) TTC (F) TTC (F) TTC (F) TTC (F) TTC (F) TTC (F) TTC (F) TTC (F) TTC (F) TTC (F) TTC (F) TTC (F) : TTT(0.000) TTC(1.000) TTA(0.000) TTG(0.000) TCT(0.000) TCC(0.000) TCA(0.000) TCG(0.000) TAT(0.000) TAC(0.000) TGT(0.000) TGC(0.000) TGG(0.000) CTT(0.000) CTC(0.000) CTA(0.000) CTG(0.000) CCT(0.000) CCC(0.000) CCA(0.000) CCG(0.000) CAT(0.000) CAC(0.000) CAA(0.000) CAG(0.000) CGT(0.000) CGC(0.000) CGA(0.000) CGG(0.000) ATT(0.000) ATC(0.000) ATA(0.000) ATG(0.000) ACT(0.000) ACC(0.000) ACA(0.000) ACG(0.000) AAT(0.000) AAC(0.000) AAA(0.000) AAG(0.000) AGT(0.000) AGC(0.000) AGA(0.000) AGG(0.000) GTT(0.000) GTC(0.000) GTA(0.000) GTG(0.000) GCT(0.000) GCC(0.000) GCA(0.000) GCG(0.000) GAT(0.000) GAC(0.000) GAA(0.000) GAG(0.000) GGT(0.000) GGC(0.000) GGA(0.000) GGG(0.000) 
      9      1   CAG (Q) CAG (Q) CAG (Q) CAG (Q) CAG (Q) CAG (Q) CAG (Q) CAG (Q) CAG (Q) CAG (Q) GAG (E) CAG (Q) CAG (Q) CAG (Q) CAG (Q) CAG (Q) CAG (Q) CAG (Q) CAG (Q) CAG (Q) CAG (Q) CAG (Q) : TTT(0.000) TTC(0.000) TTA(0.000) TTG(0.000) TCT(0.000) TCC(0.000) TCA(0.000) TCG(0.000) TAT(0.000) TAC(0.000) TGT(0.000) TGC(0.000) TGG(0.000) CTT(0.000) CTC(0.000) CTA(0.000) CTG(0.000) CCT(0.000) CCC(0.000) CCA(0.000) CCG(0.000) CAT(0.000) CAC(0.000) CAA(0.000) CAG(1.000) CGT(0.000) CGC(0.000) CGA(0.000) CGG(0.000) ATT(0.000) ATC(0.000) ATA(0.000) ATG(0.000) ACT(0.000) ACC(0.000) ACA(0.000) ACG(0.000) AAT(0.000) AAC(0.000) AAA(0.000) AAG(0.000) AGT(0.000) AGC(0.000) AGA(0.000) AGG(0.000) GTT(0.000) GTC(0.000) GTA(0.000) GTG(0.000) GCT(0.000) GCC(0.000) GCA(0.000) GCG(0.000) GAT(0.000) GAC(0.000) GAA(0.000) GAG(0.000) GGT(0.000) GGC(0.000) GGA(0.000) GGG(0.000) 
     10      1   CGG (R) CGG (R) CGG (R) CGG (R) CGG (R) CGG (R) CGG (R) CGG (R) CGG (R) CGG (R) CGG (R) CGG (R) CGG (R) CGG (R) CGG (R) CGG (R) CGG (R) CGG (R) CGG (R) CGG (R) CGG (R) CGG (R) : TTT(0.000) TTC(0.000) TTA(0.000) TTG(0.000) TCT(0.000) TCC(0.000) TCA(0.000) TCG(0.000) TAT(0.000) TAC(0.000) TGT(0.000) TGC(0.000) TGG(0.000) CTT(0.000) CTC(0.000) CTA(0.000) CTG(0.000) CCT(0.000) CCC(0.000) CCA(0.000) CCG(0.000) CAT(0.000) CAC(0.000) CAA(0.000) CAG(0.000) CGT(0.000) CGC(0.000) CGA(0.000) CGG(1.000) ATT(0.000) ATC(0.000) ATA(0.000) ATG(0.000) ACT(0.000) ACC(0.000) ACA(0.000) ACG(0.000) AAT(0.000) AAC(0.000) AAA(0.000) AAG(0.000) AGT(0.000) AGC(0.000) AGA(0.000) AGG(0.000) GTT(0.000) GTC(0.000) GTA(0.000) GTG(0.000) GCT(0.000) GCC(0.000) GCA(0.000) GCG(0.000) GAT(0.000) GAC(0.000) GAA(0.000) GAG(0.000) GGT(0.000) GGC(0.000) GGA(0.000) GGG(0.000) 
     11      1   CAG (Q) CAA (Q) CAG (Q) CAG (Q) CAG (Q) CAG (Q) CAG (Q) CAG (Q) CAG (Q) CAG (Q) CAG (Q) CAG (Q) CAG (Q) CAG (Q) CAG (Q) CAG (Q) CAG (Q) CAG (Q) CAG (Q) CAG (Q) CAG (Q) CAG (Q) : TTT(0.000) TTC(0.000) TTA(0.000) TTG(0.000) TCT(0.000) TCC(0.000) TCA(0.000) TCG(0.000) TAT(0.000) TAC(0.000) TGT(0.000) TGC(0.000) TGG(0.000) CTT(0.000) CTC(0.000) CTA(0.000) CTG(0.000) CCT(0.000) CCC(0.000) CCA(0.000) CCG(0.000) CAT(0.000) CAC(0.000) CAA(0.140) CAG(0.860) CGT(0.000) CGC(0.000) CGA(0.000) CGG(0.000) ATT(0.000) ATC(0.000) ATA(0.000) ATG(0.000) ACT(0.000) ACC(0.000) ACA(0.000) ACG(0.000) AAT(0.000) AAC(0.000) AAA(0.000) AAG(0.000) AGT(0.000) AGC(0.000) AGA(0.000) AGG(0.000) GTT(0.000) GTC(0.000) GTA(0.000) GTG(0.000) GCT(0.000) GCC(0.000) GCA(0.000) GCG(0.000) GAT(0.000) GAC(0.000) GAA(0.000) GAG(0.000) GGT(0.000) GGC(0.000) GGA(0.000) GGG(0.000) 
     12      2   CAC (H) CAC (H) CAC (H) CAC (H) CAC (H) CAC (H) CAC (H) CAC (H) CAC (H) CAC (H) CAC (H) CAC (H) CAC (H) CAC (H) CAC (H) CAC (H) CAC (H) CAC (H) CAC (H) CAC (H) CAC (H) CAC (H) : TTT(0.000) TTC(0.000) TTA(0.000) TTG(0.000) TCT(0.000) TCC(0.000) TCA(0.000) TCG(0.000) TAT(0.000) TAC(0.000) TGT(0.000) TGC(0.000) TGG(0.000) CTT(0.000) CTC(0.000) CTA(0.000) CTG(0.000) CCT(0.000) CCC(0.000) CCA(0.000) CCG(0.000) CAT(0.000) CAC(1.000) CAA(0.000) CAG(0.000) CGT(0.000) CGC(0.000) CGA(0.000) CGG(0.000) ATT(0.000) ATC(0.000) ATA(0.000) ATG(0.000) ACT(0.000) ACC(0.000) ACA(0.000) ACG(0.000) AAT(0.000) AAC(0.000) AAA(0.000) AAG(0.000) AGT(0.000) AGC(0.000) AGA(0.000) AGG(0.000) GTT(0.000) GTC(0.000) GTA(0.000) GTG(0.000) GCT(0.000) GCC(0.000) GCA(0.000) GCG(0.000) GAT(0.000) GAC(0.000) GAA(0.000) GAG(0.000) GGT(0.000) GGC(0.000) GGA(0.000) GGG(0.000) 
     13      1   ATG (M) ATG (M) ATG (M) ATG (M) ATG (M) ATG (M) ATG (M) ATG (M) ATG (M) ATG (M) ATG (M) ATG (M) GTG (V) ATG (M) ATG (M) ATG (M) ATG (M) ATG (M) ATG (M) ATG (M) ATG (M) ATA (I) : TTT(0.000) TTC(0.000) TTA(0.000) TTG(0.000) TCT(0.000) TCC(0.000) TCA(0.000) TCG(0.000) TAT(0.000) TAC(0.000) TGT(0.000) TGC(0.000) TGG(0.000) CTT(0.000) CTC(0.000) CTA(0.000) CTG(0.000) CCT(0.000) CCC(0.000) CCA(0.000) CCG(0.000) CAT(0.000) CAC(0.000) CAA(0.000) CAG(0.000) CGT(0.000) CGC(0.000) CGA(0.000) CGG(0.000) ATT(0.000) ATC(0.000) ATA(0.000) ATG(1.000) ACT(0.000) ACC(0.000) ACA(0.000) ACG(0.000) AAT(0.000) AAC(0.000) AAA(0.000) AAG(0.000) AGT(0.000) AGC(0.000) AGA(0.000) AGG(0.000) GTT(0.000) GTC(0.000) GTA(0.000) GTG(0.000) GCT(0.000) GCC(0.000) GCA(0.000) GCG(0.000) GAT(0.000) GAC(0.000) GAA(0.000) GAG(0.000) GGT(0.000) GGC(0.000) GGA(0.000) GGG(0.000) 
     14      2   GAC (D) GAC (D) GAC (D) GAC (D) GAC (D) GAC (D) GAC (D) GAC (D) GAC (D) GAC (D) GAC (D) GAC (D) GAC (D) GAC (D) GAC (D) GAC (D) GAC (D) GAC (D) GAC (D) GAC (D) GAC (D) GAC (D) : TTT(0.000) TTC(0.000) TTA(0.000) TTG(0.000) TCT(0.000) TCC(0.000) TCA(0.000) TCG(0.000) TAT(0.000) TAC(0.000) TGT(0.000) TGC(0.000) TGG(0.000) CTT(0.000) CTC(0.000) CTA(0.000) CTG(0.000) CCT(0.000) CCC(0.000) CCA(0.000) CCG(0.000) CAT(0.000) CAC(0.000) CAA(0.000) CAG(0.000) CGT(0.000) CGC(0.000) CGA(0.000) CGG(0.000) ATT(0.000) ATC(0.000) ATA(0.000) ATG(0.000) ACT(0.000) ACC(0.000) ACA(0.000) ACG(0.000) AAT(0.000) AAC(0.000) AAA(0.000) AAG(0.000) AGT(0.000) AGC(0.000) AGA(0.000) AGG(0.000) GTT(0.000) GTC(0.000) GTA(0.000) GTG(0.000) GCT(0.000) GCC(0.000) GCA(0.000) GCG(0.000) GAT(0.001) GAC(0.999) GAA(0.000) GAG(0.000) GGT(0.000) GGC(0.000) GGA(0.000) GGG(0.000) 
     15      1   TCT (S) TCA (S) TCG (S) TCG (S) TCG (S) CCA (P) TCA (S) TCA (S) TCA (S) TCA (S) CCA (P) CCA (P) TCA (S) TCA (S) TCA (S) TCA (S) TCA (S) TCA (S) TCA (S) TCA (S) TCA (S) TCA (S) : TTT(0.000) TTC(0.000) TTA(0.000) TTG(0.000) TCT(0.001) TCC(0.000) TCA(0.999) TCG(0.000) TAT(0.000) TAC(0.000) TGT(0.000) TGC(0.000) TGG(0.000) CTT(0.000) CTC(0.000) CTA(0.000) CTG(0.000) CCT(0.000) CCC(0.000) CCA(0.000) CCG(0.000) CAT(0.000) CAC(0.000) CAA(0.000) CAG(0.000) CGT(0.000) CGC(0.000) CGA(0.000) CGG(0.000) ATT(0.000) ATC(0.000) ATA(0.000) ATG(0.000) ACT(0.000) ACC(0.000) ACA(0.000) ACG(0.000) AAT(0.000) AAC(0.000) AAA(0.000) AAG(0.000) AGT(0.000) AGC(0.000) AGA(0.000) AGG(0.000) GTT(0.000) GTC(0.000) GTA(0.000) GTG(0.000) GCT(0.000) GCC(0.000) GCA(0.000) GCG(0.000) GAT(0.000) GAC(0.000) GAA(0.000) GAG(0.000) GGT(0.000) GGC(0.000) GGA(0.000) GGG(0.000) 
     16      1   GGT (G) GGC (G) GGC (G) GGC (G) GGC (G) GGC (G) GGC (G) GGC (G) GGC (G) GGC (G) GGC (G) GGC (G) GAC (D) GAC (D) GAC (D) GAC (D) GAC (D) GAC (D) GAC (D) GAC (D) GGC (G) GGC (G) : TTT(0.000) TTC(0.000) TTA(0.000) TTG(0.000) TCT(0.000) TCC(0.000) TCA(0.000) TCG(0.000) TAT(0.000) TAC(0.000) TGT(0.000) TGC(0.000) TGG(0.000) CTT(0.000) CTC(0.000) CTA(0.000) CTG(0.000) CCT(0.000) CCC(0.000) CCA(0.000) CCG(0.000) CAT(0.000) CAC(0.000) CAA(0.000) CAG(0.000) CGT(0.000) CGC(0.000) CGA(0.000) CGG(0.000) ATT(0.000) ATC(0.000) ATA(0.000) ATG(0.000) ACT(0.000) ACC(0.000) ACA(0.000) ACG(0.000) AAT(0.000) AAC(0.000) AAA(0.000) AAG(0.000) AGT(0.000) AGC(0.000) AGA(0.000) AGG(0.000) GTT(0.000) GTC(0.000) GTA(0.000) GTG(0.000) GCT(0.000) GCC(0.000) GCA(0.000) GCG(0.000) GAT(0.000) GAC(0.000) GAA(0.000) GAG(0.000) GGT(0.013) GGC(0.986) GGA(0.000) GGG(0.000) 
     17      1   GGC (G) AGT (S) AGT (S) AGT (S) AGC (S) AGT (S) AGT (S) AGT (S) AGT (S) AGT (S) AGT (S) AGT (S) GGT (G) GGT (G) GGT (G) GGT (G) GGT (G) GGT (G) GGT (G) GGT (G) AGT (S) AAT (N) : TTT(0.000) TTC(0.000) TTA(0.000) TTG(0.000) TCT(0.000) TCC(0.000) TCA(0.000) TCG(0.000) TAT(0.000) TAC(0.000) TGT(0.000) TGC(0.000) TGG(0.000) CTT(0.000) CTC(0.000) CTA(0.000) CTG(0.000) CCT(0.000) CCC(0.000) CCA(0.000) CCG(0.000) CAT(0.000) CAC(0.000) CAA(0.000) CAG(0.000) CGT(0.000) CGC(0.000) CGA(0.000) CGG(0.000) ATT(0.000) ATC(0.000) ATA(0.000) ATG(0.000) ACT(0.000) ACC(0.000) ACA(0.000) ACG(0.000) AAT(0.000) AAC(0.000) AAA(0.000) AAG(0.000) AGT(0.992) AGC(0.006) AGA(0.000) AGG(0.000) GTT(0.000) GTC(0.000) GTA(0.000) GTG(0.000) GCT(0.000) GCC(0.000) GCA(0.000) GCG(0.000) GAT(0.000) GAC(0.000) GAA(0.000) GAG(0.000) GGT(0.002) GGC(0.000) GGA(0.000) GGG(0.000) 
     18      1   TCC (S) TCC (S) TCC (S) TCC (S) TCC (S) TCC (S) TCC (S) TCC (S) TCC (S) TCC (S) TCC (S) TCC (S) TCC (S) TCC (S) TCC (S) TCC (S) TCC (S) TCC (S) TCC (S) TCC (S) TCC (S) TCC (S) : TTT(0.000) TTC(0.000) TTA(0.000) TTG(0.000) TCT(0.000) TCC(1.000) TCA(0.000) TCG(0.000) TAT(0.000) TAC(0.000) TGT(0.000) TGC(0.000) TGG(0.000) CTT(0.000) CTC(0.000) CTA(0.000) CTG(0.000) CCT(0.000) CCC(0.000) CCA(0.000) CCG(0.000) CAT(0.000) CAC(0.000) CAA(0.000) CAG(0.000) CGT(0.000) CGC(0.000) CGA(0.000) CGG(0.000) ATT(0.000) ATC(0.000) ATA(0.000) ATG(0.000) ACT(0.000) ACC(0.000) ACA(0.000) ACG(0.000) AAT(0.000) AAC(0.000) AAA(0.000) AAG(0.000) AGT(0.000) AGC(0.000) AGA(0.000) AGG(0.000) GTT(0.000) GTC(0.000) GTA(0.000) GTG(0.000) GCT(0.000) GCC(0.000) GCA(0.000) GCG(0.000) GAT(0.000) GAC(0.000) GAA(0.000) GAG(0.000) GGT(0.000) GGC(0.000) GGA(0.000) GGG(0.000) 
     19      1   TCC (S) CCC (P) TCC (S) TCC (S) TCC (S) TCC (S) TCC (S) TCC (S) TCC (S) TCC (S) TCC (S) TCC (S) TCC (S) TCC (S) TCC (S) TCC (S) TCC (S) TCC (S) TCC (S) TCC (S) CCC (P) TCC (S) : TTT(0.000) TTC(0.000) TTA(0.000) TTG(0.000) TCT(0.000) TCC(0.867) TCA(0.000) TCG(0.000) TAT(0.000) TAC(0.000) TGT(0.000) TGC(0.000) TGG(0.000) CTT(0.000) CTC(0.000) CTA(0.000) CTG(0.000) CCT(0.000) CCC(0.132) CCA(0.000) CCG(0.000) CAT(0.000) CAC(0.000) CAA(0.000) CAG(0.000) CGT(0.000) CGC(0.000) CGA(0.000) CGG(0.000) ATT(0.000) ATC(0.000) ATA(0.000) ATG(0.000) ACT(0.000) ACC(0.000) ACA(0.000) ACG(0.000) AAT(0.000) AAC(0.000) AAA(0.000) AAG(0.000) AGT(0.000) AGC(0.000) AGA(0.000) AGG(0.000) GTT(0.000) GTC(0.000) GTA(0.000) GTG(0.000) GCT(0.000) GCC(0.000) GCA(0.000) GCG(0.000) GAT(0.000) GAC(0.000) GAA(0.000) GAG(0.000) GGT(0.000) GGC(0.000) GGA(0.000) GGG(0.000) 
     20      1   CTC (L) AGC (S) AGC (S) AGC (S) AGC (S) AGC (S) AGC (S) AGC (S) AGC (S) AGC (S) AGC (S) AGC (S) AGT (S) AGC (S) AGC (S) AGC (S) AGC (S) AGC (S) AGC (S) AGC (S) AGC (S) AGC (S) : TTT(0.000) TTC(0.000) TTA(0.000) TTG(0.000) TCT(0.000) TCC(0.000) TCA(0.000) TCG(0.000) TAT(0.000) TAC(0.000) TGT(0.000) TGC(0.001) TGG(0.000) CTT(0.000) CTC(0.000) CTA(0.000) CTG(0.000) CCT(0.000) CCC(0.000) CCA(0.000) CCG(0.000) CAT(0.000) CAC(0.000) CAA(0.000) CAG(0.000) CGT(0.000) CGC(0.003) CGA(0.000) CGG(0.000) ATT(0.000) ATC(0.004) ATA(0.000) ATG(0.000) ACT(0.000) ACC(0.001) ACA(0.000) ACG(0.000) AAT(0.000) AAC(0.007) AAA(0.000) AAG(0.000) AGT(0.000) AGC(0.982) AGA(0.000) AGG(0.000) GTT(0.000) GTC(0.000) GTA(0.000) GTG(0.000) GCT(0.000) GCC(0.000) GCA(0.000) GCG(0.000) GAT(0.000) GAC(0.000) GAA(0.000) GAG(0.000) GGT(0.000) GGC(0.003) GGA(0.000) GGG(0.000) 
     21      1   AGC (S) AGC (S) AGC (S) AGC (S) AGC (S) AGC (S) AGC (S) AGC (S) AGC (S) AGC (S) AGC (S) AGC (S) GGC (G) GGC (G) GGC (G) GGC (G) GGC (G) GGC (G) GGC (G) GGC (G) AGC (S) AGC (S) : TTT(0.000) TTC(0.000) TTA(0.000) TTG(0.000) TCT(0.000) TCC(0.000) TCA(0.000) TCG(0.000) TAT(0.000) TAC(0.000) TGT(0.000) TGC(0.000) TGG(0.000) CTT(0.000) CTC(0.000) CTA(0.000) CTG(0.000) CCT(0.000) CCC(0.000) CCA(0.000) CCG(0.000) CAT(0.000) CAC(0.000) CAA(0.000) CAG(0.000) CGT(0.000) CGC(0.000) CGA(0.000) CGG(0.000) ATT(0.000) ATC(0.000) ATA(0.000) ATG(0.000) ACT(0.000) ACC(0.000) ACA(0.000) ACG(0.000) AAT(0.000) AAC(0.000) AAA(0.000) AAG(0.000) AGT(0.000) AGC(0.999) AGA(0.000) AGG(0.000) GTT(0.000) GTC(0.000) GTA(0.000) GTG(0.000) GCT(0.000) GCC(0.000) GCA(0.000) GCG(0.000) GAT(0.000) GAC(0.000) GAA(0.000) GAG(0.000) GGT(0.000) GGC(0.000) GGA(0.000) GGG(0.000) 
     22      1   AAC (N) AAC (N) AAC (N) AAC (N) AAC (N) AGC (S) AAC (N) AAC (N) AAC (N) AAC (N) AAC (N) AAC (N) AAC (N) AAC (N) AAC (N) AAC (N) AAC (N) AAC (N) AAC (N) AAC (N) AAC (N) AAC (N) : TTT(0.000) TTC(0.000) TTA(0.000) TTG(0.000) TCT(0.000) TCC(0.000) TCA(0.000) TCG(0.000) TAT(0.000) TAC(0.000) TGT(0.000) TGC(0.000) TGG(0.000) CTT(0.000) CTC(0.000) CTA(0.000) CTG(0.000) CCT(0.000) CCC(0.000) CCA(0.000) CCG(0.000) CAT(0.000) CAC(0.000) CAA(0.000) CAG(0.000) CGT(0.000) CGC(0.000) CGA(0.000) CGG(0.000) ATT(0.000) ATC(0.000) ATA(0.000) ATG(0.000) ACT(0.000) ACC(0.000) ACA(0.000) ACG(0.000) AAT(0.002) AAC(0.997) AAA(0.000) AAG(0.000) AGT(0.000) AGC(0.000) AGA(0.000) AGG(0.000) GTT(0.000) GTC(0.000) GTA(0.000) GTG(0.000) GCT(0.000) GCC(0.000) GCA(0.000) GCG(0.000) GAT(0.000) GAC(0.001) GAA(0.000) GAG(0.000) GGT(0.000) GGC(0.000) GGA(0.000) GGG(0.000) 
     23      1   CAC (H) TTT (F) TCC (S) TCC (S) TCC (S) TCC (S) TCC (S) TCC (S) TCC (S) TCC (S) TCC (S) TCC (S) TCC (S) TCC (S) TCC (S) TCC (S) TCC (S) TCC (S) TCC (S) TCC (S) TCC (S) TCC (S) : TTT(0.032) TTC(0.523) TTA(0.000) TTG(0.000) TCT(0.019) TCC(0.383) TCA(0.000) TCG(0.000) TAT(0.003) TAC(0.031) TGT(0.000) TGC(0.004) TGG(0.000) CTT(0.000) CTC(0.002) CTA(0.000) CTG(0.000) CCT(0.000) CCC(0.002) CCA(0.000) CCG(0.000) CAT(0.000) CAC(0.000) CAA(0.000) CAG(0.000) CGT(0.000) CGC(0.000) CGA(0.000) CGG(0.000) ATT(0.000) ATC(0.000) ATA(0.000) ATG(0.000) ACT(0.000) ACC(0.000) ACA(0.000) ACG(0.000) AAT(0.000) AAC(0.000) AAA(0.000) AAG(0.000) AGT(0.000) AGC(0.000) AGA(0.000) AGG(0.000) GTT(0.000) GTC(0.000) GTA(0.000) GTG(0.000) GCT(0.000) GCC(0.000) GCA(0.000) GCG(0.000) GAT(0.000) GAC(0.000) GAA(0.000) GAG(0.000) GGT(0.000) GGC(0.000) GGA(0.000) GGG(0.000) 
     24      1   ACC (T) ACC (T) ACC (T) ACC (T) ACC (T) ACC (T) ACC (T) ACC (T) ACC (T) ACC (T) ACC (T) ACC (T) ACC (T) ACC (T) GCC (A) GCC (A) GCC (A) GCC (A) GCC (A) GCC (A) ACC (T) AAC (N) : TTT(0.000) TTC(0.000) TTA(0.000) TTG(0.000) TCT(0.000) TCC(0.000) TCA(0.000) TCG(0.000) TAT(0.000) TAC(0.000) TGT(0.000) TGC(0.000) TGG(0.000) CTT(0.000) CTC(0.000) CTA(0.000) CTG(0.000) CCT(0.000) CCC(0.000) CCA(0.000) CCG(0.000) CAT(0.000) CAC(0.000) CAA(0.000) CAG(0.000) CGT(0.000) CGC(0.000) CGA(0.000) CGG(0.000) ATT(0.000) ATC(0.001) ATA(0.000) ATG(0.000) ACT(0.000) ACC(0.998) ACA(0.000) ACG(0.000) AAT(0.000) AAC(0.000) AAA(0.000) AAG(0.000) AGT(0.000) AGC(0.000) AGA(0.000) AGG(0.000) GTT(0.000) GTC(0.000) GTA(0.000) GTG(0.000) GCT(0.000) GCC(0.001) GCA(0.000) GCG(0.000) GAT(0.000) GAC(0.000) GAA(0.000) GAG(0.000) GGT(0.000) GGC(0.000) GGA(0.000) GGG(0.000) 
     25      3   TAC (Y) TAC (Y) TAC (Y) TAC (Y) TAC (Y) TAC (Y) TAC (Y) TAC (Y) TAC (Y) TAC (Y) TAC (Y) TAC (Y) TAC (Y) TAC (Y) TAC (Y) TAC (Y) TAC (Y) TAC (Y) TAC (Y) TAC (Y) TAC (Y) TAC (Y) : TTT(0.000) TTC(0.000) TTA(0.000) TTG(0.000) TCT(0.000) TCC(0.000) TCA(0.000) TCG(0.000) TAT(0.000) TAC(0.999) TGT(0.000) TGC(0.000) TGG(0.000) CTT(0.000) CTC(0.000) CTA(0.000) CTG(0.000) CCT(0.000) CCC(0.000) CCA(0.000) CCG(0.000) CAT(0.000) CAC(0.000) CAA(0.000) CAG(0.000) CGT(0.000) CGC(0.000) CGA(0.000) CGG(0.000) ATT(0.000) ATC(0.000) ATA(0.000) ATG(0.000) ACT(0.000) ACC(0.000) ACA(0.000) ACG(0.000) AAT(0.000) AAC(0.000) AAA(0.000) AAG(0.000) AGT(0.000) AGC(0.000) AGA(0.000) AGG(0.000) GTT(0.000) GTC(0.000) GTA(0.000) GTG(0.000) GCT(0.000) GCC(0.000) GCA(0.000) GCG(0.000) GAT(0.000) GAC(0.000) GAA(0.000) GAG(0.000) GGT(0.000) GGC(0.000) GGA(0.000) GGG(0.000) 
     26      5   TGC (C) TGC (C) TGC (C) TGC (C) TGC (C) TGC (C) TGC (C) TGC (C) TGC (C) TGC (C) TGC (C) TGC (C) TGC (C) TGC (C) TGC (C) TGC (C) TGC (C) TGC (C) TGC (C) TGC (C) TGC (C) TGC (C) : TTT(0.000) TTC(0.000) TTA(0.000) TTG(0.000) TCT(0.000) TCC(0.000) TCA(0.000) TCG(0.000) TAT(0.000) TAC(0.000) TGT(0.000) TGC(1.000) TGG(0.000) CTT(0.000) CTC(0.000) CTA(0.000) CTG(0.000) CCT(0.000) CCC(0.000) CCA(0.000) CCG(0.000) CAT(0.000) CAC(0.000) CAA(0.000) CAG(0.000) CGT(0.000) CGC(0.000) CGA(0.000) CGG(0.000) ATT(0.000) ATC(0.000) ATA(0.000) ATG(0.000) ACT(0.000) ACC(0.000) ACA(0.000) ACG(0.000) AAT(0.000) AAC(0.000) AAA(0.000) AAG(0.000) AGT(0.000) AGC(0.000) AGA(0.000) AGG(0.000) GTT(0.000) GTC(0.000) GTA(0.000) GTG(0.000) GCT(0.000) GCC(0.000) GCA(0.000) GCG(0.000) GAT(0.000) GAC(0.000) GAA(0.000) GAG(0.000) GGT(0.000) GGC(0.000) GGA(0.000) GGG(0.000) 
     27      2   AAC (N) AAC (N) AAC (N) AAC (N) AAC (N) AAC (N) AAC (N) AAC (N) AAC (N) AAC (N) AAC (N) AAC (N) GAC (D) GAC (D) GAC (D) GAC (D) GAC (D) GAC (D) GAC (D) GAC (D) AAC (N) AAC (N) : TTT(0.000) TTC(0.000) TTA(0.000) TTG(0.000) TCT(0.000) TCC(0.000) TCA(0.000) TCG(0.000) TAT(0.000) TAC(0.000) TGT(0.000) TGC(0.000) TGG(0.000) CTT(0.000) CTC(0.000) CTA(0.000) CTG(0.000) CCT(0.000) CCC(0.000) CCA(0.000) CCG(0.000) CAT(0.000) CAC(0.000) CAA(0.000) CAG(0.000) CGT(0.000) CGC(0.000) CGA(0.000) CGG(0.000) ATT(0.000) ATC(0.000) ATA(0.000) ATG(0.000) ACT(0.000) ACC(0.000) ACA(0.000) ACG(0.000) AAT(0.002) AAC(0.997) AAA(0.000) AAG(0.000) AGT(0.000) AGC(0.000) AGA(0.000) AGG(0.000) GTT(0.000) GTC(0.000) GTA(0.000) GTG(0.000) GCT(0.000) GCC(0.000) GCA(0.000) GCG(0.000) GAT(0.000) GAC(0.001) GAA(0.000) GAG(0.000) GGT(0.000) GGC(0.000) GGA(0.000) GGG(0.000) 
     28      1   CAG (Q) CAA (Q) CAA (Q) CAA (Q) CTA (L) CAA (Q) CAA (Q) CAA (Q) CAA (Q) CAA (Q) CAA (Q) CAA (Q) CTA (L) CAA (Q) CAA (Q) CAA (Q) CAA (Q) CAA (Q) CAA (Q) CAA (Q) CAA (Q) CAA (Q) : TTT(0.000) TTC(0.000) TTA(0.000) TTG(0.000) TCT(0.000) TCC(0.000) TCA(0.000) TCG(0.000) TAT(0.000) TAC(0.000) TGT(0.000) TGC(0.000) TGG(0.000) CTT(0.000) CTC(0.000) CTA(0.000) CTG(0.000) CCT(0.000) CCC(0.000) CCA(0.000) CCG(0.000) CAT(0.000) CAC(0.000) CAA(0.996) CAG(0.004) CGT(0.000) CGC(0.000) CGA(0.000) CGG(0.000) ATT(0.000) ATC(0.000) ATA(0.000) ATG(0.000) ACT(0.000) ACC(0.000) ACA(0.000) ACG(0.000) AAT(0.000) AAC(0.000) AAA(0.000) AAG(0.000) AGT(0.000) AGC(0.000) AGA(0.000) AGG(0.000) GTT(0.000) GTC(0.000) GTA(0.000) GTG(0.000) GCT(0.000) GCC(0.000) GCA(0.000) GCG(0.000) GAT(0.000) GAC(0.000) GAA(0.000) GAG(0.000) GGT(0.000) GGC(0.000) GGA(0.000) GGG(0.000) 
     29      5   ATG (M) ATG (M) ATG (M) ATG (M) ATG (M) ATG (M) ATG (M) ATG (M) ATG (M) ATG (M) ATG (M) ATG (M) ATG (M) ATG (M) ATG (M) ATG (M) ATG (M) ATG (M) ATG (M) ATG (M) ATG (M) ATG (M) : TTT(0.000) TTC(0.000) TTA(0.000) TTG(0.000) TCT(0.000) TCC(0.000) TCA(0.000) TCG(0.000) TAT(0.000) TAC(0.000) TGT(0.000) TGC(0.000) TGG(0.000) CTT(0.000) CTC(0.000) CTA(0.000) CTG(0.000) CCT(0.000) CCC(0.000) CCA(0.000) CCG(0.000) CAT(0.000) CAC(0.000) CAA(0.000) CAG(0.000) CGT(0.000) CGC(0.000) CGA(0.000) CGG(0.000) ATT(0.000) ATC(0.000) ATA(0.000) ATG(1.000) ACT(0.000) ACC(0.000) ACA(0.000) ACG(0.000) AAT(0.000) AAC(0.000) AAA(0.000) AAG(0.000) AGT(0.000) AGC(0.000) AGA(0.000) AGG(0.000) GTT(0.000) GTC(0.000) GTA(0.000) GTG(0.000) GCT(0.000) GCC(0.000) GCA(0.000) GCG(0.000) GAT(0.000) GAC(0.000) GAA(0.000) GAG(0.000) GGT(0.000) GGC(0.000) GGA(0.000) GGG(0.000) 
